22:33:40.354  0  0  0 
22:33:40.993  0  0  0 
22:33:41.647  0  0  0 
22:33:42.286  0  0  0 
22:33:42.905  0  0  0 
>>> PUT orderId=12
22:33:43.601  1  0  0 
22:33:44.222  1  0  0 
22:33:44.846  1  0  0 
22:33:45.470  0  0  1 
22:33:46.131  0  0  1 
22:33:46.748  0  0  1 
22:33:47.367  0  0  1 
22:33:47.990  0  0  1 
22:33:48.624  0  0  1 
22:33:49.255  0  0  1 
22:33:49.885  0  0  1 
22:33:50.517  0  0  1 
22:33:51.154  0  0  1 
22:33:51.787  0  0  1 
22:33:52.440  0  0  1 
22:33:53.057  0  0  1 
22:33:53.689  0  0  1 
22:33:54.351  0  0  1 
22:33:54.979  0  0  1 
22:33:55.631  0  0  1 
22:33:56.281  0  0  1 
22:33:56.919  0  0  1 
22:33:57.554  0  0  1 
22:33:58.152  0  0  1 
22:33:58.768  0  0  1 
